txMsgBitstream nrzI nrzQ modI modQ modOut deModI deModQ lpfI lpfQ sampledStreamI sampledStreamQ rxMsgToBitstream
0 -1 1 -2043 -16 -2059 -4206537 32944 0 0 -2.0891e+06 2.08966e+06 0
0 -1 1 -1880 802 -1078 -2026640 -864556 -23.9755 0.187767 -2.0891e+06 2.08966e+06 0
0 -1 1 -1410 1482 72 101520 106704 -141.565 -3.9094 -2.0891e+06 2.08966e+06 0
0 -1 1 -715 1915 1200 858000 2298000 -438.734 -23.1632 -2.0891e+06 2.08966e+06 0
0 -1 1 78 2045 2123 -165594 4341535 -1008.18 -54.4838 -2.0891e+06 2.08966e+06 0
0 -1 1 862 1856 2718 -2342916 5044608 -1956.95 -53.7866 -2.0891e+06 2.08966e+06 0
0 -1 1 1522 1363 2885 -4390970 3932255 -3428.89 84.6831 -2.0891e+06 2.08966e+06 0
0 -1 1 1939 654 2593 -5027827 1695822 -5631.42 534.455 -2.0891e+06 2.08966e+06 0
0 -1 1 2042 -140 1902 -3883884 -266280 -8853 1529.13 -2.0891e+06 2.08966e+06 0
0 -1 1 1812 -947 865 -1567380 -819155 -13462.7 3351 -2.0891e+06 2.08966e+06 0
0 -1 1 1289 -1589 -300 386700 476700 -19893 6327.44 -2.0891e+06 2.08966e+06 0
0 -1 1 578 -1963 -1385 800530 2718755 -28615.7 10841 -2.0891e+06 2.08966e+06 0
0 -1 1 -203 -2034 -2237 -454111 4550058 -40125.7 17349 -2.0891e+06 2.08966e+06 0
0 -1 1 -1003 -1782 -2785 -2793355 4962870 -54935.6 26399.8 -2.0891e+06 2.08966e+06 0
0 -1 1 -1625 -1239 -2864 -4654000 3548496 -73580.5 38632.5 -2.0891e+06 2.08966e+06 0
0 -1 1 -1978 -517 -2495 -4935110 1289915 -96620.2 54754.3 -2.0891e+06 2.08966e+06 0
0 -1 1 -2023 301 -1722 -3483606 -518322 -124626 75498.2 -2.0891e+06 2.08966e+06 0
0 -1 1 -1735 1083 -652 -1131220 -706116 -158150 101575 -2.0891e+06 2.08966e+06 0
0 -1 1 -1189 1665 476 565964 792540 -197674 133629 -2.0891e+06 2.08966e+06 0
0 -1 1 -425 2000 1575 669375 3150000 -243569 172216 -2.0891e+06 2.08966e+06 0
0 -1 1 395 2009 2404 -949580 4829636 -296054 217781 -2.0891e+06 2.08966e+06 0
0 -1 1 1137 1700 2837 -3225669 4822900 -355187 270648 -2.0891e+06 2.08966e+06 0
0 -1 1 1718 1111 2829 -4860222 3143019 -420867 330993 -2.0891e+06 2.08966e+06 0
0 -1 1 2013 363 2376 -4782888 862488 -492838 398814 -2.0891e+06 2.08966e+06 0
0 -1 1 1994 -455 1539 -3068766 -700245 -570695 473892 -2.0891e+06 2.08966e+06 0
0 -1 1 1645 -1215 430 -707350 -522450 -653870 555764 -2.0891e+06 2.08966e+06 0
0 -1 1 1057 -1751 -694 733558 1215194 -741632 643720 -2.0891e+06 2.08966e+06 0
0 -1 1 267 -2028 -1761 470187 3571308 -833077 736831 -2.0891e+06 2.08966e+06 0
0 -1 1 -519 -1980 -2499 -1296981 4948020 -927155 833992 -2.0891e+06 2.08966e+06 0
0 -1 1 -1267 -1608 -2875 -3642625 4623000 -1.02271e+06 933977 -2.0891e+06 2.08966e+06 0
0 -1 1 -1796 -975 -2771 -4976716 2701725 -1.11855e+06 1.03548e+06 -2.0891e+06 2.08966e+06 0
1 -1 1 -2036 -205 -2241 -4562676 459405 -1.21349e+06 1.13716e+06 -2.0891e+06 2.08966e+06 1
1 -1 1 -1953 608 -1345 -2626785 -817760 -1.30638e+06 1.23765e+06 -2.0891e+06 2.08966e+06 1
1 -1 1 -1566 1316 -250 -391500 -329000 -1.39618e+06 1.33562e+06 -2.0891e+06 2.08966e+06 1
1 -1 1 -919 1826 907 833533 1656182 -1.48193e+06 1.42979e+06 -2.0891e+06 2.08966e+06 1
1 -1 1 -140 2042 1902 266280 3883884 -1.56277e+06 1.51903e+06 -2.0891e+06 2.08966e+06 1
1 -1 1 651 1935 2586 -1683486 5003910 -1.638e+06 1.60237e+06 -2.0891e+06 2.08966e+06 1
1 -1 1 1389 1504 2893 -4018377 4351072 -1.70704e+06 1.67905e+06 -2.0891e+06 2.08966e+06 1
1 -1 1 1854 860 2714 -5031756 2334040 -1.76952e+06 1.74859e+06 -2.0891e+06 2.08966e+06 1
1 -1 1 2047 48 2095 -4288465 100560 -1.82528e+06 1.81071e+06 -2.0891e+06 2.08966e+06 1
1 -1 1 1905 -743 1162 -2213610 -863366 -1.87435e+06 1.86536e+06 -2.0891e+06 2.08966e+06 1
1 -1 1 1460 -1432 28 -40880 -40096 -1.91691e+06 1.91263e+06 -2.0891e+06 2.08966e+06 1
1 -1 1 774 -1892 -1118 865332 2115256 -1.95329e+06 1.95281e+06 -2.0891e+06 2.08966e+06 1
1 -1 1 -14 -2046 -2060 -28840 4214760 -1.9839e+06 1.9863e+06 -2.0891e+06 2.08966e+06 1
1 -1 1 -832 -1868 -2700 -2246400 5043600 -2.00921e+06 2.01364e+06 -2.0891e+06 2.08966e+06 1
1 -1 1 -1480 -1410 -2890 -4277200 4074900 -2.02972e+06 2.03547e+06 -2.0891e+06 2.08966e+06 1
1 -1 1 -1927 -684 -2611 -5031397 1785924 -2.04601e+06 2.0525e+06 -2.0891e+06 2.08966e+06 1
1 -1 1 -2042 110 -1932 -3945144 -212520 -2.05866e+06 2.06546e+06 -2.0891e+06 2.08966e+06 1
1 -1 1 -1840 891 -949 -1746160 -845559 -2.06826e+06 2.07505e+06 -2.0891e+06 2.08966e+06 1
1 -1 1 -1340 1546 206 276040 318476 -2.0754e+06 2.08191e+06 -2.0891e+06 2.08966e+06 1
1 -1 1 -638 1945 1307 833866 2542115 -2.08057e+06 2.08658e+06 -2.0891e+06 2.08966e+06 1
1 -1 1 171 2036 2207 -377397 4493452 -2.08421e+06 2.08954e+06 -2.0891e+06 2.08966e+06 1
1 -1 1 947 1812 2759 -2612773 4999308 -2.08665e+06 2.0912e+06 -2.0891e+06 2.08966e+06 1
1 -1 1 1585 1289 2874 -4555290 3704586 -2.08818e+06 2.09192e+06 -2.0891e+06 2.08966e+06 1
1 -1 1 1971 548 2519 -4964949 1380412 -2.08903e+06 2.09202e+06 -2.0891e+06 2.08966e+06 1
1 -1 1 2028 -267 1761 -3571308 -470187 -2.0894e+06 2.09176e+06 -2.0891e+06 2.08966e+06 1
1 -1 1 1768 -1029 739 -1306552 -760431 -2.08948e+06 2.09131e+06 -2.0891e+06 2.08966e+06 1
1 -1 1 1215 -1645 -430 522450 707350 -2.08941e+06 2.09079e+06 -2.0891e+06 2.08966e+06 1
1 -1 1 487 -1986 -1499 730013 2977014 -2.08928e+06 2.09023e+06 -2.0891e+06 2.08966e+06 1
1 -1 1 -331 -2019 -2350 -777850 4744650 -2.0891e+06 2.08966e+06 -2.0891e+06 2.08966e+06 1
1 -1 1 -1087 -1735 -2822 -3067514 4896170 -2.08887e+06 2.0891e+06 -2.0891e+06 2.08966e+06 1
1 -1 1 -1683 -1163 -2846 -4789818 3309898 -2.0886e+06 2.08857e+06 -2.0891e+06 2.08966e+06 1
0 -1 -1 -2002 425 -1577 -3157154 670225 -2.0883e+06 2.08809e+06 -2.08692e+06 -2.09721e+06 0
0 -1 -1 -2009 -393 -2402 -4825618 -943986 -2.08799e+06 2.08765e+06 -2.08692e+06 -2.09721e+06 0
0 -1 -1 -1683 -1163 -2846 -4789818 -3309898 -2.08765e+06 2.08725e+06 -2.08692e+06 -2.09721e+06 0
0 -1 -1 -1083 -1735 -2818 -3051894 -4889230 -2.08731e+06 2.08684e+06 -2.08692e+06 -2.09721e+06 0
0 -1 -1 -331 -2019 -2350 -777850 -4744650 -2.08703e+06 2.08634e+06 -2.08692e+06 -2.09721e+06 0
0 -1 -1 487 -1986 -1499 730013 -2977014 -2.08689e+06 2.08559e+06 -2.08692e+06 -2.09721e+06 0
0 -1 -1 1215 -1645 -430 522450 -707350 -2.08701e+06 2.0843e+06 -2.08692e+06 -2.09721e+06 0
0 -1 -1 1766 -1029 737 -1301542 758373 -2.08749e+06 2.08205e+06 -2.08692e+06 -2.09721e+06 0
0 -1 -1 2028 -267 1761 -3571308 470187 -2.08845e+06 2.07833e+06 -2.08692e+06 -2.09721e+06 0
0 -1 -1 1971 548 2519 -4964949 -1380412 -2.08996e+06 2.07249e+06 -2.08692e+06 -2.09721e+06 0
0 -1 -1 1589 1289 2878 -4573142 -3709742 -2.09213e+06 2.06376e+06 -2.08692e+06 -2.09721e+06 0
0 -1 -1 947 1812 2759 -2612773 -4999308 -2.0951e+06 2.05127e+06 -2.08692e+06 -2.09721e+06 0
0 -1 -1 175 2036 2211 -386925 -4501596 -2.09901e+06 2.03397e+06 -2.08692e+06 -2.09721e+06 0
0 -1 -1 -642 1945 1303 836526 -2534335 -2.10402e+06 2.01068e+06 -2.08692e+06 -2.09721e+06 0
0 -1 -1 -1342 1546 204 273768 -315384 -2.11025e+06 1.98011e+06 -2.08692e+06 -2.09721e+06 0
0 -1 -1 -1842 891 -951 -1751742 847341 -2.11778e+06 1.94086e+06 -2.08692e+06 -2.09721e+06 0
0 -1 -1 -2043 110 -1933 -3949119 212630 -2.12658e+06 1.89155e+06 -2.08692e+06 -2.09721e+06 0
0 -1 -1 -1925 -684 -2609 -5022325 -1784556 -2.13656e+06 1.83087e+06 -2.08692e+06 -2.09721e+06 0
0 -1 -1 -1482 -1410 -2892 -4285944 -4077720 -2.14759e+06 1.75768e+06 -2.08692e+06 -2.09721e+06 0
0 -1 -1 -832 -1868 -2700 -2246400 -5043600 -2.15946e+06 1.67103e+06 -2.08692e+06 -2.09721e+06 0
0 -1 -1 -14 -2045 -2059 -28826 -4210655 -2.17196e+06 1.57022e+06 -2.08692e+06 -2.09721e+06 0
0 -1 -1 772 -1892 -1120 864640 -2119040 -2.18483e+06 1.45486e+06 -2.08692e+06 -2.09721e+06 0
0 -1 -1 1434 -1454 -20 28680 -29080 -2.19776e+06 1.32489e+06 -2.08692e+06 -2.09721e+06 0
0 -1 -1 1905 -743 1162 -2213610 863366 -2.21037e+06 1.18063e+06 -2.08692e+06 -2.09721e+06 0
0 -1 -1 2044 48 2092 -4276048 -100416 -2.22224e+06 1.02286e+06 -2.08692e+06 -2.09721e+06 0
0 -1 -1 1856 860 2716 -5040896 -2335760 -2.23297e+06 852783 -2.08692e+06 -2.09721e+06 0
0 -1 -1 1385 1504 2889 -4001265 -4345056 -2.24213e+06 672052 -2.08692e+06 -2.09721e+06 0
0 -1 -1 654 1935 2589 -1693206 -5009715 -2.24942e+06 482687 -2.08692e+06 -2.09721e+06 0
0 -1 -1 -110 2043 1933 212630 -3949119 -2.25459e+06 287004 -2.08692e+06 -2.09721e+06 0
0 -1 -1 -889 1840 951 845439 -1749840 -2.25749e+06 87516.9 -2.08692e+06 -2.09721e+06 0
0 -1 -1 -1566 1316 -250 -391500 329000 -2.25803e+06 -113148 -2.08692e+06 -2.09721e+06 0
0 -1 -1 -1951 608 -1343 -2620193 816544 -2.25619e+06 -312337 -2.08692e+06 -2.09721e+06 0
0 -1 -1 -2034 -205 -2239 -4554126 -458995 -2.25201e+06 -507436 -2.08692e+06 -2.09721e+06 0
0 -1 -1 -1798 -975 -2773 -4985854 -2703675 -2.24562e+06 -695956 -2.08692e+06 -2.09721e+06 0
0 -1 -1 -1265 -1607 -2872 -3633080 -4615304 -2.23722e+06 -875617 -2.08692e+06 -2.09721e+06 0
0 -1 -1 -517 -1980 -2497 -1290949 -4944060 -2.22711e+06 -1.04444e+06 -2.08692e+06 -2.09721e+06 0
0 -1 -1 267 -2028 -1761 470187 -3571308 -2.21567e+06 -1.20083e+06 -2.08692e+06 -2.09721e+06 0
0 -1 -1 1059 -1751 -692 732828 -1211692 -2.20331e+06 -1.34363e+06 -2.08692e+06 -2.09721e+06 0
0 -1 -1 1645 -1215 430 -707350 522450 -2.19046e+06 -1.47212e+06 -2.08692e+06 -2.09721e+06 0
0 -1 -1 1994 -455 1539 -3068766 700245 -2.17748e+06 -1.58603e+06 -2.08692e+06 -2.09721e+06 0
0 -1 -1 2013 363 2376 -4782888 -862488 -2.16471e+06 -1.68546e+06 -2.08692e+06 -2.09721e+06 0
0 -1 -1 1716 1111 2827 -4851132 -3140797 -2.15242e+06 -1.77085e+06 -2.08692e+06 -2.09721e+06 0
0 -1 -1 1137 1700 2837 -3225669 -4822900 -2.14088e+06 -1.84293e+06 -2.08692e+06 -2.09721e+06 0
0 -1 -1 393 2009 2402 -943986 -4825618 -2.13028e+06 -1.90267e+06 -2.08692e+06 -2.09721e+06 0
0 -1 -1 -423 2000 1577 667071 -3154000 -2.12082e+06 -1.95123e+06 -2.08692e+06 -2.09721e+06 0
0 -1 -1 -1191 1665 474 564534 -789210 -2.11262e+06 -1.98992e+06 -2.08692e+06 -2.09721e+06 0
0 -1 -1 -1731 1083 -648 -1121688 701784 -2.1057e+06 -2.02012e+06 -2.08692e+06 -2.09721e+06 0
0 -1 -1 -2025 301 -1724 -3491100 518924 -2.10004e+06 -2.04319e+06 -2.08692e+06 -2.09721e+06 0
0 -1 -1 -1980 -517 -2497 -4944060 -1290949 -2.09554e+06 -2.06041e+06 -2.08692e+06 -2.09721e+06 0
0 -1 -1 -1627 -1239 -2866 -4662982 -3550974 -2.09203e+06 -2.07294e+06 -2.08692e+06 -2.09721e+06 0
0 -1 -1 -1003 -1782 -2785 -2793355 -4962870 -2.0894e+06 -2.08178e+06 -2.08692e+06 -2.09721e+06 0
0 -1 -1 -237 -2030 -2267 -537279 -4602010 -2.08751e+06 -2.08777e+06 -2.08692e+06 -2.09721e+06 0
0 -1 -1 580 -1963 -1383 802140 -2714829 -2.08627e+06 -2.09166e+06 -2.08692e+06 -2.09721e+06 0
0 -1 -1 1293 -1588 -295 381435 -468460 -2.08557e+06 -2.09405e+06 -2.08692e+06 -2.09721e+06 0
0 -1 -1 1812 -947 865 -1567380 819155 -2.08532e+06 -2.09544e+06 -2.08692e+06 -2.09721e+06 0
0 -1 -1 2041 -140 1901 -3879941 266140 -2.08539e+06 -2.09622e+06 -2.08692e+06 -2.09721e+06 0
0 -1 -1 1935 654 2589 -5009715 -1693206 -2.08566e+06 -2.09667e+06 -2.08692e+06 -2.09721e+06 0
0 -1 -1 1524 1363 2887 -4399788 -3934981 -2.08604e+06 -2.09694e+06 -2.08692e+06 -2.09721e+06 0
0 -1 -1 860 1856 2716 -2335760 -5040896 -2.08647e+06 -2.09711e+06 -2.08692e+06 -2.09721e+06 0
0 -1 -1 78 2044 2122 -165516 -4337368 -2.08692e+06 -2.09721e+06 -2.08692e+06 -2.09721e+06 0
0 -1 -1 -712 1915 1203 856536 -2303745 -2.08738e+06 -2.09728e+06 -2.08692e+06 -2.09721e+06 0
0 -1 -1 -1412 1482 70 98840 -103740 -2.08784e+06 -2.09732e+06 -2.08692e+06 -2.09721e+06 0
1 1 1 1880 -802 1078 2026640 -864556 -2.08827e+06 -2.09733e+06 2.09371e+06 2.09512e+06 1
1 1 1 2046 16 2062 4218852 32992 -2.08866e+06 -2.09733e+06 2.09371e+06 2.09512e+06 1
1 1 1 1880 802 2682 5042160 2150964 -2.08889e+06 -2.09733e+06 2.09371e+06 2.09512e+06 1
1 1 1 1410 1482 2892 4077720 4285944 -2.08875e+06 -2.09735e+06 2.09371e+06 2.09512e+06 1
1 1 1 715 1915 2630 1880450 5036450 -2.08787e+06 -2.09732e+06 2.09371e+06 2.09512e+06 1
1 1 1 -78 2045 1967 -153426 4022515 -2.08575e+06 -2.09707e+06 2.09371e+06 2.09512e+06 1
1 1 1 -862 1856 994 -856828 1844864 -2.08177e+06 -2.09628e+06 2.09371e+06 2.09512e+06 1
1 1 1 -1522 1363 -159 241998 -216717 -2.07521e+06 -2.09451e+06 2.09371e+06 2.09512e+06 1
1 1 1 -1939 654 -1285 2491615 -840390 -2.06526e+06 -2.09119e+06 2.09371e+06 2.09512e+06 1
1 1 1 -2042 -140 -2182 4455644 305480 -2.05098e+06 -2.08566e+06 2.09371e+06 2.09512e+06 1
1 1 1 -1812 -947 -2759 4999308 2612773 -2.03124e+06 -2.07716e+06 2.09371e+06 2.09512e+06 1
1 1 1 -1316 -1566 -2882 3792712 4513212 -2.00479e+06 -2.06479e+06 2.09371e+06 2.09512e+06 1
1 1 1 -578 -1963 -2541 1468698 4987983 -1.97021e+06 -2.04746e+06 2.09371e+06 2.09512e+06 1
1 1 1 203 -2034 -1831 -371693 3724254 -1.92604e+06 -2.02393e+06 2.09371e+06 2.09512e+06 1
1 1 1 1003 -1782 -779 -781337 1388178 -1.87088e+06 -1.99279e+06 2.09371e+06 2.09512e+06 1
1 1 1 1625 -1239 386 627250 -478254 -1.80347e+06 -1.95256e+06 2.09371e+06 2.09512e+06 1
1 1 1 1978 -517 1461 2889858 -755337 -1.72274e+06 -1.9018e+06 2.09371e+06 2.09512e+06 1
1 1 1 2023 301 2324 4701452 699524 -1.62788e+06 -1.83917e+06 2.09371e+06 2.09512e+06 1
1 1 1 1735 1083 2818 4889230 3051894 -1.51837e+06 -1.76354e+06 2.09371e+06 2.09512e+06 1
1 1 1 1189 1665 2854 3393406 4751910 -1.39397e+06 -1.67399e+06 2.09371e+06 2.09512e+06 1
1 1 1 425 2000 2425 1030625 4850000 -1.25481e+06 -1.56985e+06 2.09371e+06 2.09512e+06 1
1 1 1 -395 2009 1614 -637530 3242526 -1.10143e+06 -1.45074e+06 2.09371e+06 2.09512e+06 1
1 1 1 -1137 1700 563 -640131 957100 -934861 -1.31664e+06 2.09371e+06 2.09512e+06 1
1 1 1 -1718 1111 -607 1042826 -674377 -756595 -1.16793e+06 2.09371e+06 2.09512e+06 1
1 1 1 -2013 363 -1650 3321450 -598950 -568569 -1.00549e+06 2.09371e+06 2.09512e+06 1
1 1 1 -1994 -455 -2449 4883306 1114295 -373070 -830678 2.09371e+06 2.09512e+06 1
1 1 1 -1645 -1215 -2860 4704700 3474900 -172618 -645306 2.09371e+06 2.09512e+06 1
1 1 1 -1057 -1751 -2808 2968056 4916808 30135.9 -451564 2.09371e+06 2.09512e+06 1
1 1 1 -267 -2028 -2295 612765 4654260 232494 -251902 2.09371e+06 2.09512e+06 1
1 1 1 519 -1980 -1461 -758259 2892780 431774 -48936.3 2.09371e+06 2.09512e+06 1
1 1 1 1267 -1608 -341 -432047 548328 625373 154637 2.09371e+06 2.09512e+06 1
1 1 1 1796 -975 821 1474516 -800475 810840 356100 2.09371e+06 2.09512e+06 1
1 1 1 2036 -205 1831 3727916 -375355 985977 552778 2.09371e+06 2.09512e+06 1
1 1 1 1953 608 2561 5001633 1557088 1.14895e+06 742121 2.09371e+06 2.09512e+06 1
1 1 1 1566 1316 2882 4513212 3792712 1.29835e+06 921806 2.09371e+06 2.09512e+06 1
1 1 1 919 1826 2745 2522655 5012370 1.43329e+06 1.08986e+06 2.09371e+06 2.09512e+06 1
1 1 1 140 2042 2182 305480 4455644 1.55334e+06 1.24472e+06 2.09371e+06 2.09512e+06 1
1 1 1 -651 1935 1284 -835884 2484540 1.65849e+06 1.38535e+06 2.09371e+06 2.09512e+06 1
1 1 1 -1389 1504 115 -159735 172960 1.74909e+06 1.51116e+06 2.09371e+06 2.09512e+06 1
1 1 1 -1854 860 -994 1842876 -854840 1.82577e+06 1.62201e+06 2.09371e+06 2.09512e+06 1
1 1 1 -2047 48 -1999 4091953 -95952 1.88943e+06 1.71809e+06 2.09371e+06 2.09512e+06 1
1 1 1 -1905 -743 -2648 5044440 1967464 1.94117e+06 1.79995e+06 2.09371e+06 2.09512e+06 1
1 1 1 -1460 -1432 -2892 4222320 4141344 1.98232e+06 1.86838e+06 2.09371e+06 2.09512e+06 1
1 1 1 -774 -1892 -2666 2063484 5044072 2.01428e+06 1.92444e+06 2.09371e+06 2.09512e+06 1
1 1 1 14 -2046 -2032 -28448 4157472 2.03853e+06 1.96939e+06 2.09371e+06 2.09512e+06 1
1 1 1 802 -1880 -1078 -864556 2026640 2.05648e+06 2.00466e+06 2.09371e+06 2.09512e+06 1
1 1 1 1480 -1410 70 103600 -98700 2.06939e+06 2.03171e+06 2.09371e+06 2.09512e+06 1
1 1 1 1927 -684 1243 2395261 -850212 2.07834e+06 2.05198e+06 2.09371e+06 2.09512e+06 1
1 1 1 2042 110 2152 4394384 236720 2.08426e+06 2.06675e+06 2.09371e+06 2.09512e+06 1
1 1 1 1840 891 2731 5025040 2433321 2.08792e+06 2.07718e+06 2.09371e+06 2.09512e+06 1
1 1 1 1340 1546 2886 3867240 4461756 2.08997e+06 2.08421e+06 2.09371e+06 2.09512e+06 1
1 1 1 638 1945 2583 1647954 5023935 2.09101e+06 2.08869e+06 2.09371e+06 2.09512e+06 1
1 1 1 -171 2036 1865 -318915 3797140 2.09149e+06 2.09133e+06 2.09371e+06 2.09512e+06 1
1 1 1 -947 1812 865 -819155 1567380 2.09175e+06 2.09276e+06 2.09371e+06 2.09512e+06 1
1 1 1 -1585 1289 -296 469160 -381544 2.09197e+06 2.09348e+06 2.09371e+06 2.09512e+06 1
1 1 1 -1971 548 -1423 2804733 -779804 2.09225e+06 2.09387e+06 2.09371e+06 2.09512e+06 1
1 1 1 -2028 -267 -2295 4654260 612765 2.09257e+06 2.09417e+06 2.09371e+06 2.09512e+06 1
1 1 1 -1768 -1029 -2797 4945096 2878113 2.09293e+06 2.09445e+06 2.09371e+06 2.09512e+06 1
1 1 1 -1215 -1645 -2860 3474900 4704700 2.09331e+06 2.09477e+06 2.09371e+06 2.09512e+06 1
1 1 1 -487 -1986 -2473 1204351 4911378 2.09371e+06 2.09512e+06 2.09371e+06 2.09512e+06 1
1 1 1 331 -2019 -1688 -558728 3408072 2.09414e+06 2.09551e+06 2.09371e+06 2.09512e+06 1
1 1 1 1087 -1735 -648 -704376 1124280 2.09456e+06 2.09595e+06 2.09371e+06 2.09512e+06 1
0 -1 1 -1683 -1163 -2846 -4789818 3309898 2.09495e+06 2.09644e+06 -2.08354e+06 2.09515e+06 0
0 -1 1 -2002 -425 -2427 -4858854 1031475 2.09527e+06 2.09698e+06 -2.08354e+06 2.09515e+06 0
0 -1 1 -2009 393 -1616 -3246544 -635088 2.09538e+06 2.09761e+06 -2.08354e+06 2.09515e+06 0
0 -1 1 -1683 1163 -520 -875160 -604760 2.09507e+06 2.09839e+06 -2.08354e+06 2.09515e+06 0
0 -1 1 -1083 1735 652 706116 1131220 2.09399e+06 2.09936e+06 -2.08354e+06 2.09515e+06 0
0 -1 1 -331 2019 1688 558728 3408072 2.09169e+06 2.10054e+06 -2.08354e+06 2.09515e+06 0
0 -1 1 487 1986 2473 -1204351 4911378 2.08761e+06 2.10194e+06 -2.08354e+06 2.09515e+06 0
0 -1 1 1215 1645 2860 -3474900 4704700 2.0811e+06 2.10353e+06 -2.08354e+06 2.09515e+06 0
0 -1 1 1766 1029 2795 -4935970 2876055 2.07137e+06 2.10533e+06 -2.08354e+06 2.09515e+06 0
0 -1 1 2028 267 2295 -4654260 612765 2.0575e+06 2.10735e+06 -2.08354e+06 2.09515e+06 0
0 -1 1 1971 -548 1423 -2804733 -779804 2.03839e+06 2.10963e+06 -2.08354e+06 2.09515e+06 0
0 -1 1 1589 -1289 300 -476700 -386700 2.01284e+06 2.11217e+06 -2.08354e+06 2.09515e+06 0
0 -1 1 947 -1812 -865 819155 1567380 1.9795e+06 2.11496e+06 -2.08354e+06 2.09515e+06 0
0 -1 1 175 -2036 -1861 325675 3788996 1.93702e+06 2.11792e+06 -2.08354e+06 2.09515e+06 0
0 -1 1 -642 -1945 -2587 -1660854 5031715 1.88406e+06 2.12092e+06 -2.08354e+06 2.09515e+06 0
0 -1 1 -1342 -1546 -2888 -3875696 4464848 1.81942e+06 2.12385e+06 -2.08354e+06 2.09515e+06 0
0 -1 1 -1842 -891 -2733 -5034186 2435103 1.74202e+06 2.12659e+06 -2.08354e+06 2.09515e+06 0
0 -1 1 -2043 -110 -2153 -4398579 236830 1.65103e+06 2.12903e+06 -2.08354e+06 2.09515e+06 0
0 -1 1 -1925 684 -1241 -2388925 -848844 1.54583e+06 2.13111e+06 -2.08354e+06 2.09515e+06 0
0 -1 1 -1482 1410 -72 -106704 -101520 1.42612e+06 2.13275e+06 -2.08354e+06 2.09515e+06 0
0 -1 1 -832 1868 1036 861952 1935248 1.29197e+06 2.13385e+06 -2.08354e+06 2.09515e+06 0
0 -1 1 -14 2045 2031 28434 4153395 1.14384e+06 2.13433e+06 -2.08354e+06 2.09515e+06 0
0 -1 1 772 1892 2664 -2056608 5040288 982636 2.1341e+06 -2.08354e+06 2.09515e+06 0
0 -1 1 1434 1454 2888 -4141392 4199152 809710 2.1331e+06 -2.08354e+06 2.09515e+06 0
0 -1 1 1905 743 2648 -5044440 1967464 626811 2.13134e+06 -2.08354e+06 2.09515e+06 0
0 -1 1 2044 -48 1996 -4079824 -95808 436019 2.12888e+06 -2.08354e+06 2.09515e+06 0
0 -1 1 1856 -860 996 -1848576 -856560 239661 2.12584e+06 -2.08354e+06 2.09515e+06 0
0 -1 1 1385 -1504 -119 164815 178976 40235.6 2.12233e+06 -2.08354e+06 2.09515e+06 0
0 -1 1 654 -1935 -1281 837774 2478735 -159665 2.1185e+06 -2.08354e+06 2.09515e+06 0
0 -1 1 -110 -2043 -2153 -236830 4398579 -357424 2.11445e+06 -2.08354e+06 2.09515e+06 0
0 -1 1 -889 -1840 -2729 -2426081 5021360 -550477 2.11029e+06 -2.08354e+06 2.09515e+06 0
1 -1 1 -1566 -1316 -2882 -4513212 3792712 -736402 2.10615e+06 -2.08354e+06 2.09515e+06 1
1 -1 1 -1951 -608 -2559 -4992609 1555872 -913013 2.10216e+06 -2.08354e+06 2.09515e+06 1
1 -1 1 -2034 205 -1829 -3720186 -374945 -1.07846e+06 2.09848e+06 -2.08354e+06 2.09515e+06 1
1 -1 1 -1798 975 -823 -1479754 -802425 -1.23128e+06 2.09525e+06 -2.08354e+06 2.09515e+06 1
1 -1 1 -1265 1607 342 432630 549594 -1.37045e+06 2.09258e+06 -2.08354e+06 2.09515e+06 1
1 -1 1 -517 1980 1463 756371 2896740 -1.49536e+06 2.0905e+06 -2.08354e+06 2.09515e+06 1
1 -1 1 267 2028 2295 -612765 4654260 -1.60582e+06 2.08902e+06 -2.08354e+06 2.09515e+06 1
1 -1 1 1059 1751 2810 -2975790 4920310 -1.70195e+06 2.08808e+06 -2.08354e+06 2.09515e+06 1
1 -1 1 1645 1215 2860 -4704700 3474900 -1.78424e+06 2.08763e+06 -2.08354e+06 2.09515e+06 1
1 -1 1 1994 455 2449 -4883306 1114295 -1.85342e+06 2.08761e+06 -2.08354e+06 2.09515e+06 1
1 -1 1 2013 -363 1650 -3321450 -598950 -1.91049e+06 2.08797e+06 -2.08354e+06 2.09515e+06 1
1 -1 1 1716 -1111 605 -1038180 -672155 -1.95664e+06 2.08867e+06 -2.08354e+06 2.09515e+06 1
1 -1 1 1137 -1700 -563 640131 957100 -1.99318e+06 2.08963e+06 -2.08354e+06 2.09515e+06 1
1 -1 1 393 -2009 -1616 635088 3246544 -2.02146e+06 2.09075e+06 -2.08354e+06 2.09515e+06 1
1 -1 1 -423 -2000 -2423 -1024929 4846000 -2.04281e+06 2.09191e+06 -2.08354e+06 2.09515e+06 1
1 -1 1 -1163 -1683 -2846 -3309898 4789818 -2.05846e+06 2.09301e+06 -2.08354e+06 2.09515e+06 1
1 -1 1 -1731 -1083 -2814 -4871034 3047562 -2.0695e+06 2.09396e+06 -2.08354e+06 2.09515e+06 1
1 -1 1 -2025 -301 -2326 -4710150 700126 -2.07692e+06 2.09474e+06 -2.08354e+06 2.09515e+06 1
1 -1 1 -1980 517 -1463 -2896740 -756371 -2.08158e+06 2.09536e+06 -2.08354e+06 2.09515e+06 1
1 -1 1 -1627 1239 -388 -631276 -480732 -2.08422e+06 2.09583e+06 -2.08354e+06 2.09515e+06 1
1 -1 1 -1003 1782 779 781337 1388178 -2.08548e+06 2.09618e+06 -2.08354e+06 2.09515e+06 1
1 -1 1 -237 2030 1793 424941 3639790 -2.08587e+06 2.09641e+06 -2.08354e+06 2.09515e+06 1
1 -1 1 580 1963 2543 -1474940 4991909 -2.08577e+06 2.09651e+06 -2.08354e+06 2.09515e+06 1
1 -1 1 1293 1588 2881 -3725133 4575028 -2.08542e+06 2.09646e+06 -2.08354e+06 2.09515e+06 1
1 -1 1 1812 947 2759 -4999308 2612773 -2.08497e+06 2.09629e+06 -2.08354e+06 2.09515e+06 1
1 -1 1 2041 140 2181 -4451421 305340 -2.08452e+06 2.09602e+06 -2.08354e+06 2.09515e+06 1
1 -1 1 1935 -654 1281 -2478735 -837774 -2.08411e+06 2.09572e+06 -2.08354e+06 2.09515e+06 1
1 -1 1 1524 -1363 161 -245364 -219443 -2.08378e+06 2.09542e+06 -2.08354e+06 2.09515e+06 1
1 -1 1 860 -1856 -996 856560 1848576 -2.08354e+06 2.09515e+06 -2.08354e+06 2.09515e+06 1
1 -1 1 78 -2044 -1966 153348 4018504 -2.08335e+06 2.09488e+06 -2.08354e+06 2.09515e+06 1
1 -1 1 -712 -1915 -2627 -1870424 5030705 -2.0832e+06 2.09463e+06 -2.08354e+06 2.09515e+06 1

67108 640000 320000 62
M
